1.945029602050781250e+02
8.250842285156250000e+01
5.353513336181640625e+01
9.548468017578125000e+01
8.664126586914062500e+01
6.619978332519531250e+01
4.185950088500976562e+01
3.838871765136718750e+01
5.223433303833007812e+01
6.042686080932617188e+01
4.955298614501953125e+01
3.776063156127929688e+01
2.784186172485351562e+01
3.304878997802734375e+01
4.040663909912109375e+01
3.707282257080078125e+01
3.302124786376953125e+01
2.672517585754394531e+01
2.469485282897949219e+01
2.795845031738281250e+01
2.936610221862792969e+01
2.823385620117187500e+01
2.397914123535156250e+01
2.246680831909179688e+01
2.122575378417968750e+01
2.190446281433105469e+01
2.185230827331542969e+01
1.956191444396972656e+01
1.706333160400390625e+01
1.828654479980468750e+01
1.826427268981933594e+01
1.779923629760742188e+01
1.679512023925781250e+01
1.613913345336914062e+01
1.814389991760253906e+01
1.678070068359375000e+01
1.476834201812744141e+01
1.461798286437988281e+01
1.452453136444091797e+01
1.618657493591308594e+01
1.364195919036865234e+01
1.402388477325439453e+01
1.439663124084472656e+01
1.434173107147216797e+01
1.269413948059082031e+01
1.313783645629882812e+01
1.277151775360107422e+01
1.294648170471191406e+01
1.206608009338378906e+01
1.143863391876220703e+01
1.261813640594482422e+01
1.208841609954833984e+01
1.141632080078125000e+01
1.194824028015136719e+01
1.113701248168945312e+01
1.090605449676513672e+01
1.040773963928222656e+01
1.098800373077392578e+01
1.011247825622558594e+01
1.120976829528808594e+01
1.109421825408935547e+01
1.078027725219726562e+01
1.051330375671386719e+01
9.648375511169433594e+00
9.852796554565429688e+00
1.025315475463867188e+01
9.848691940307617188e+00
1.020756149291992188e+01
9.137806892395019531e+00
9.160803794860839844e+00
9.183969497680664062e+00
9.950132369995117188e+00
8.949113845825195312e+00
8.648550033569335938e+00
8.270024299621582031e+00
9.021244049072265625e+00
9.333091735839843750e+00
8.538150787353515625e+00
9.048544883728027344e+00
8.500023841857910156e+00
8.838813781738281250e+00
8.737130165100097656e+00
8.784743309020996094e+00
7.936416625976562500e+00
9.187930107116699219e+00
7.881623744964599609e+00
8.514152526855468750e+00
8.254076004028320312e+00
7.894766807556152344e+00
7.833849906921386719e+00
7.197301387786865234e+00
8.167219161987304688e+00
8.112280845642089844e+00
7.950491428375244141e+00
7.803847312927246094e+00
8.305798530578613281e+00
7.989668369293212891e+00
8.706355094909667969e+00
8.477696418762207031e+00
8.146338462829589844e+00
8.571237564086914062e+00
8.067634582519531250e+00
7.928639888763427734e+00
7.164503097534179688e+00
7.589788436889648438e+00
7.362413406372070312e+00
7.531942844390869141e+00
6.895004272460937500e+00
6.840079307556152344e+00
6.965237617492675781e+00
6.975520133972167969e+00
7.052039146423339844e+00
6.601602077484130859e+00
7.502470970153808594e+00
6.976065635681152344e+00
6.994499206542968750e+00
6.624545097351074219e+00
6.953366279602050781e+00
6.203760147094726562e+00
7.252170562744140625e+00
7.636878967285156250e+00
6.506916999816894531e+00
6.326513290405273438e+00
6.861478805541992188e+00
6.819541454315185547e+00
6.489698410034179688e+00
6.466110706329345703e+00
6.931865215301513672e+00
7.507188796997070312e+00
6.883356094360351562e+00
7.370014190673828125e+00
6.714557170867919922e+00
7.188156604766845703e+00
6.083642005920410156e+00
7.204711437225341797e+00
6.283679008483886719e+00
6.628105163574218750e+00
6.869532585144042969e+00
6.705370426177978516e+00
6.148132801055908203e+00
7.184453487396240234e+00
7.102929592132568359e+00
7.003881931304931641e+00
6.868761539459228516e+00
6.385050296783447266e+00
6.219080448150634766e+00
5.946660518646240234e+00
6.420937538146972656e+00
6.038371562957763672e+00
5.943325519561767578e+00
6.470142364501953125e+00
6.642726421356201172e+00
6.419515132904052734e+00
6.468850135803222656e+00
6.327803611755371094e+00
6.485541343688964844e+00
6.386140346527099609e+00
6.383669376373291016e+00
6.409418106079101562e+00
6.184199333190917969e+00
6.302669525146484375e+00
6.222579002380371094e+00
6.430645942687988281e+00
6.081941127777099609e+00
6.168208122253417969e+00
6.539041996002197266e+00
6.351110458374023438e+00
5.674830436706542969e+00
6.259312629699707031e+00
6.683794498443603516e+00
6.102155685424804688e+00
6.201578140258789062e+00
5.990909576416015625e+00
6.265286445617675781e+00
5.891658782958984375e+00
6.807382583618164062e+00
6.222750186920166016e+00
6.307040214538574219e+00
6.895735740661621094e+00
5.809617042541503906e+00
7.610277175903320312e+00
6.174839973449707031e+00
6.872025966644287109e+00
6.791973114013671875e+00
6.210704326629638672e+00
7.582867622375488281e+00
6.183236122131347656e+00
7.279482841491699219e+00
6.792103767395019531e+00
7.680881023406982422e+00
5.812991142272949219e+00
6.555569171905517578e+00
6.297687053680419922e+00
6.125137329101562500e+00
6.606265068054199219e+00
6.202325344085693359e+00
5.819397449493408203e+00
5.615565776824951172e+00
6.396589756011962891e+00
5.859075069427490234e+00
5.821319580078125000e+00
6.099961280822753906e+00
6.379758834838867188e+00
6.552714347839355469e+00
6.268962860107421875e+00
6.301123142242431641e+00
5.750151634216308594e+00
6.428650856018066406e+00
6.113623142242431641e+00
6.007734298706054688e+00
7.247602462768554688e+00
6.003731727600097656e+00
7.029270648956298828e+00
6.404685974121093750e+00
6.947350502014160156e+00
6.605698585510253906e+00
5.960020065307617188e+00
6.520361900329589844e+00
6.212563991546630859e+00
7.428490638732910156e+00
6.264645099639892578e+00
6.538540840148925781e+00
6.445861339569091797e+00
6.105758666992187500e+00
6.853444099426269531e+00
5.890096664428710938e+00
6.855691909790039062e+00
5.735556602478027344e+00
6.107695102691650391e+00
5.800116539001464844e+00
7.107333183288574219e+00
6.681456089019775391e+00
7.143679618835449219e+00
6.307940006256103516e+00
6.036711692810058594e+00
6.536147594451904297e+00
6.206608772277832031e+00
7.405332565307617188e+00
5.925223350524902344e+00
6.186598300933837891e+00
5.980017185211181641e+00
6.354948520660400391e+00
5.692528724670410156e+00
6.342951297760009766e+00
6.235526084899902344e+00
5.672269821166992188e+00
6.411211013793945312e+00
5.681308746337890625e+00
5.505360603332519531e+00
6.058841705322265625e+00
5.372468948364257812e+00
5.412413597106933594e+00
5.291516780853271484e+00
5.435773372650146484e+00
5.667881965637207031e+00
5.687040328979492188e+00
5.682582855224609375e+00
5.903493881225585938e+00
5.563836574554443359e+00
6.070821762084960938e+00
5.423658370971679688e+00
5.169952392578125000e+00
5.202420711517333984e+00
5.345749378204345703e+00
5.514143466949462891e+00
6.122543334960937500e+00
5.861999988555908203e+00
5.165208816528320312e+00
5.351695060729980469e+00
5.478529930114746094e+00
5.053792953491210938e+00
5.269958019256591797e+00
6.114152908325195312e+00
5.088848114013671875e+00
5.388780593872070312e+00
5.797327518463134766e+00
5.290782928466796875e+00
4.871623039245605469e+00
5.560032367706298828e+00
4.723173618316650391e+00
5.526958942413330078e+00
5.381146907806396484e+00
5.355254173278808594e+00
5.191973686218261719e+00
5.308884143829345703e+00
5.129870414733886719e+00
5.212331771850585938e+00
5.043901920318603516e+00
6.167266368865966797e+00
5.962448120117187500e+00
5.206735134124755859e+00
5.737210273742675781e+00
5.782843589782714844e+00
4.867367267608642578e+00
5.489685058593750000e+00
5.027780055999755859e+00
5.319278240203857422e+00
5.965903282165527344e+00
5.298710823059082031e+00
5.251107215881347656e+00
5.278422832489013672e+00
5.402482986450195312e+00
5.091265678405761719e+00
5.318823814392089844e+00
5.494547367095947266e+00
5.308942794799804688e+00
5.424801826477050781e+00
5.580380439758300781e+00
5.124200344085693359e+00
4.929689407348632812e+00
5.100474357604980469e+00
5.058531761169433594e+00
6.065796852111816406e+00
6.167229175567626953e+00
5.453812122344970703e+00
6.127345085144042969e+00
5.917613029479980469e+00
5.217180728912353516e+00
6.225821018218994141e+00
5.761620521545410156e+00
4.947988033294677734e+00
5.781830787658691406e+00
5.258442878723144531e+00
6.280638217926025391e+00
5.676995277404785156e+00
5.830869197845458984e+00
6.424180984497070312e+00
5.386421680450439453e+00
5.172456741333007812e+00
5.734544754028320312e+00
5.454481601715087891e+00
5.214766979217529297e+00
5.369400978088378906e+00
5.027119159698486328e+00
6.292746543884277344e+00
5.192249774932861328e+00
5.875700473785400391e+00
6.047186374664306641e+00
5.457246303558349609e+00
5.421501159667968750e+00
5.417072296142578125e+00
5.690948009490966797e+00
6.070342063903808594e+00
5.216475963592529297e+00
5.662941932678222656e+00
5.768455028533935547e+00
5.329540729522705078e+00
6.352389812469482422e+00
5.676161766052246094e+00
5.869283676147460938e+00
5.951363563537597656e+00
4.859354972839355469e+00
5.664255619049072266e+00
6.370481967926025391e+00
5.192596912384033203e+00
6.443120479583740234e+00
4.967784404754638672e+00
5.516596794128417969e+00
6.402012825012207031e+00
5.699831008911132812e+00
5.107817649841308594e+00
5.214123725891113281e+00
5.161750316619873047e+00
5.497315883636474609e+00
5.392765045166015625e+00
5.649226188659667969e+00
5.470211029052734375e+00
5.302513122558593750e+00
5.900303840637207031e+00
5.165800094604492188e+00
6.232747554779052734e+00
5.525644302368164062e+00
4.827304840087890625e+00
6.033607959747314453e+00
4.943599700927734375e+00
5.224923133850097656e+00
5.349962711334228516e+00
5.174288749694824219e+00
5.078887939453125000e+00
4.806065559387207031e+00
4.794337272644042969e+00
5.076034069061279297e+00
4.961350440979003906e+00
4.495196342468261719e+00
4.921874523162841797e+00
5.309744834899902344e+00
4.978745937347412109e+00
5.098929882049560547e+00
4.844468593597412109e+00
5.281485557556152344e+00
4.471851825714111328e+00
5.238566875457763672e+00
4.710583686828613281e+00
4.953301906585693359e+00
4.801409244537353516e+00
5.088156223297119141e+00
4.714893341064453125e+00
4.913066864013671875e+00
4.922517776489257812e+00
5.543316364288330078e+00
4.974582672119140625e+00
4.871777534484863281e+00
4.590921878814697266e+00
5.049577236175537109e+00
4.470736503601074219e+00
4.949760437011718750e+00
5.133683681488037109e+00
4.434281349182128906e+00
4.617157459259033203e+00
4.892395973205566406e+00
5.284344673156738281e+00
4.355339527130126953e+00
4.822217941284179688e+00
4.810428142547607422e+00
4.590518474578857422e+00
4.559237480163574219e+00
4.527471065521240234e+00
4.501081466674804688e+00
4.130041122436523438e+00
4.736877441406250000e+00
4.560486793518066406e+00
5.092469215393066406e+00
4.529436111450195312e+00
4.492439270019531250e+00
5.566403388977050781e+00
5.288919448852539062e+00
4.459784030914306641e+00
6.197190761566162109e+00
6.235129833221435547e+00
4.655704498291015625e+00
7.611772060394287109e+00
5.022260189056396484e+00
6.978388309478759766e+00
4.987863540649414062e+00
5.055864334106445312e+00
5.245446205139160156e+00
4.737616062164306641e+00
5.398536682128906250e+00
5.217271327972412109e+00
5.486506938934326172e+00
6.277352333068847656e+00
5.439241409301757812e+00
7.407975196838378906e+00
5.930723667144775391e+00
9.265847206115722656e+00
6.308402538299560547e+00
1.074415969848632812e+01
7.812094211578369141e+00
8.647670745849609375e+00
7.098655223846435547e+00
7.477210044860839844e+00
6.344316482543945312e+00
6.416848182678222656e+00
6.866915702819824219e+00
6.064882278442382812e+00
7.257145404815673828e+00
5.460404396057128906e+00
6.981953144073486328e+00
5.525037288665771484e+00
6.349359512329101562e+00
5.488483428955078125e+00
6.582830905914306641e+00
5.261152267456054688e+00
5.341588973999023438e+00
5.332098960876464844e+00
5.234212875366210938e+00
5.599509239196777344e+00
4.930687904357910156e+00
5.772744655609130859e+00
4.959705829620361328e+00
6.242853641510009766e+00
4.907071590423583984e+00
6.542781829833984375e+00
4.786978721618652344e+00
6.572421073913574219e+00
5.225503444671630859e+00
6.457568645477294922e+00
5.413541793823242188e+00
6.905400753021240234e+00
5.272069454193115234e+00
7.056956291198730469e+00
5.912781238555908203e+00
6.625177860260009766e+00
6.567394256591796875e+00
5.687698364257812500e+00
6.254945278167724609e+00
5.855030536651611328e+00
5.162063598632812500e+00
6.053214073181152344e+00
5.230695724487304688e+00
5.042279720306396484e+00
4.815425872802734375e+00
4.981839179992675781e+00
4.936581611633300781e+00
4.780570983886718750e+00
4.920448303222656250e+00
5.393439769744873047e+00
4.655622959136962891e+00
4.791817665100097656e+00
4.935260295867919922e+00
4.876384258270263672e+00
5.224836349487304688e+00
4.705643653869628906e+00
4.784686088562011719e+00
4.872346401214599609e+00
4.842021942138671875e+00
4.822025775909423828e+00
5.009168624877929688e+00
4.444206237792968750e+00
5.033860206604003906e+00
4.381341934204101562e+00
4.673128128051757812e+00
4.536419391632080078e+00
4.586712837219238281e+00
4.839283466339111328e+00
4.446235656738281250e+00
4.580443859100341797e+00
3.968474149703979492e+00
4.752691745758056641e+00
4.480550765991210938e+00
4.583633422851562500e+00
4.455127239227294922e+00
4.565126895904541016e+00
4.626373291015625000e+00
4.318548679351806641e+00
4.965404033660888672e+00
4.181909084320068359e+00
5.872601032257080078e+00
5.082433223724365234e+00
5.099593162536621094e+00
5.767200469970703125e+00
4.930544853210449219e+00
6.112472057342529297e+00
4.247453212738037109e+00
5.526264667510986328e+00
4.412148475646972656e+00
4.704154491424560547e+00
4.485662937164306641e+00
4.799367904663085938e+00
4.237061977386474609e+00
4.940302848815917969e+00
4.707122802734375000e+00
4.069990634918212891e+00
4.447627067565917969e+00
4.291102886199951172e+00
3.986822843551635742e+00
4.380355834960937500e+00
4.323479175567626953e+00
4.098151206970214844e+00
4.075618267059326172e+00
4.214329719543457031e+00
4.513752937316894531e+00
4.401038169860839844e+00
3.725571632385253906e+00
4.227853298187255859e+00
4.180653095245361328e+00
4.102222442626953125e+00
4.463503360748291016e+00
4.147230148315429688e+00
4.018787860870361328e+00
4.166169643402099609e+00
4.101191520690917969e+00
4.101693153381347656e+00
4.340970516204833984e+00
4.143289089202880859e+00
4.189735889434814453e+00
4.364779472351074219e+00
4.254159450531005859e+00
4.367051601409912109e+00
4.603109359741210938e+00
4.117969989776611328e+00
4.623425483703613281e+00
4.346010208129882812e+00
4.793599128723144531e+00
5.287671089172363281e+00
4.378890037536621094e+00
4.618556976318359375e+00
4.755491733551025391e+00
4.106262207031250000e+00
4.734581470489501953e+00
4.179983615875244141e+00
4.312936305999755859e+00
4.289882183074951172e+00
3.944379091262817383e+00
3.962999343872070312e+00
4.202235698699951172e+00
4.124898433685302734e+00
3.953763008117675781e+00
4.270560741424560547e+00
4.223475456237792969e+00
4.178426742553710938e+00
4.347805976867675781e+00
3.848170280456542969e+00
4.179724693298339844e+00
4.066332340240478516e+00
4.062813758850097656e+00
4.305514335632324219e+00
4.691985607147216797e+00
4.161187648773193359e+00
4.237808704376220703e+00
4.656544685363769531e+00
4.252473831176757812e+00
4.331336975097656250e+00
4.341248989105224609e+00
4.318283081054687500e+00
4.982054710388183594e+00
3.889868497848510742e+00
5.042700767517089844e+00
4.445076465606689453e+00
4.404494285583496094e+00
4.611974716186523438e+00
3.951791286468505859e+00
4.747777462005615234e+00
4.271016597747802734e+00
4.157815456390380859e+00
4.191366195678710938e+00
4.205917835235595703e+00
3.861618518829345703e+00
4.465459823608398438e+00
4.650339603424072266e+00
4.627789974212646484e+00
4.488825321197509766e+00
4.211704730987548828e+00
3.945381402969360352e+00
4.750112533569335938e+00
4.086637973785400391e+00
4.238128662109375000e+00
4.216040611267089844e+00
4.456566333770751953e+00
4.396662235260009766e+00
4.277460575103759766e+00
4.544796943664550781e+00
3.977101802825927734e+00
4.447552204132080078e+00
4.526682853698730469e+00
4.602687358856201172e+00
4.945138931274414062e+00
4.576718330383300781e+00
4.573645591735839844e+00
5.358196735382080078e+00
4.605582237243652344e+00
5.806439399719238281e+00
4.369210720062255859e+00
5.948657989501953125e+00
4.303712368011474609e+00
5.687725543975830078e+00
4.575867652893066406e+00
4.472864151000976562e+00
5.270030021667480469e+00
4.479043960571289062e+00
5.154098987579345703e+00
4.601718425750732422e+00
4.486835956573486328e+00
4.508259773254394531e+00
4.326991558074951172e+00
4.625539779663085938e+00
3.993982553482055664e+00
4.319252014160156250e+00
4.174390316009521484e+00
3.928961753845214844e+00
4.330608367919921875e+00
3.954967975616455078e+00
4.770809173583984375e+00
3.896078348159790039e+00
4.249063014984130859e+00
4.623653888702392578e+00
4.322331905364990234e+00
4.515078067779541016e+00
3.919795274734497070e+00
4.825580596923828125e+00
4.333284378051757812e+00
4.365645408630371094e+00
5.488469123840332031e+00
4.199290275573730469e+00
5.225594043731689453e+00
4.504235267639160156e+00
5.563282012939453125e+00
4.361558914184570312e+00
5.600950241088867188e+00
4.100522518157958984e+00
5.047156810760498047e+00
4.735973358154296875e+00
4.022633552551269531e+00
5.594022274017333984e+00
4.333308219909667969e+00
4.450922489166259766e+00
4.575356483459472656e+00
4.112435340881347656e+00
4.155385017395019531e+00
3.935770988464355469e+00
4.500179290771484375e+00
4.300139427185058594e+00
4.116629123687744141e+00
3.846891164779663086e+00
4.389970779418945312e+00
4.045958995819091797e+00
4.002740859985351562e+00
4.481816291809082031e+00
3.748536586761474609e+00
4.601490020751953125e+00
3.801200866699218750e+00
4.096077919006347656e+00
3.990170240402221680e+00
4.133238792419433594e+00
4.099244117736816406e+00
3.911619901657104492e+00
4.181171894073486328e+00
4.337070941925048828e+00
3.978243589401245117e+00
4.203291416168212891e+00
4.534719467163085938e+00
4.292025566101074219e+00
4.503379344940185547e+00
4.032753944396972656e+00
4.719040393829345703e+00
4.223868370056152344e+00
4.256438255310058594e+00
4.267863750457763672e+00
4.170168876647949219e+00
4.321466445922851562e+00
4.335277557373046875e+00
3.774044990539550781e+00
3.987440109252929688e+00
3.638702154159545898e+00
4.154892444610595703e+00
4.587509155273437500e+00
3.948379755020141602e+00
4.090960502624511719e+00
4.082451820373535156e+00
3.905902385711669922e+00
3.889471769332885742e+00
3.779277324676513672e+00
3.896211147308349609e+00
4.101229190826416016e+00
3.717695713043212891e+00
3.917907238006591797e+00
4.549851417541503906e+00
4.013060092926025391e+00
4.033592700958251953e+00
4.420679569244384766e+00
3.678925514221191406e+00
3.863737583160400391e+00
3.916311740875244141e+00
3.601157188415527344e+00
4.023696899414062500e+00
4.251184940338134766e+00
3.749052286148071289e+00
4.060464859008789062e+00
4.824091911315917969e+00
3.978686094284057617e+00
5.002016067504882812e+00
4.116647243499755859e+00
4.541884422302246094e+00
5.009058952331542969e+00
4.532881259918212891e+00
6.300579547882080078e+00
3.980953693389892578e+00
5.526829719543457031e+00
4.038609027862548828e+00
5.169669151306152344e+00
4.325597286224365234e+00
4.292012214660644531e+00
4.720912933349609375e+00
4.182592391967773438e+00
4.558588027954101562e+00
4.218394279479980469e+00
4.216037750244140625e+00
4.268797874450683594e+00
3.896687030792236328e+00
4.334298610687255859e+00
4.170899391174316406e+00
4.067079067230224609e+00
4.283131599426269531e+00
3.797734260559082031e+00
3.446552991867065430e+00
3.668300151824951172e+00
4.173218250274658203e+00
4.145904541015625000e+00
3.836909294128417969e+00
4.107100963592529297e+00
3.627394199371337891e+00
4.209980010986328125e+00
3.806082010269165039e+00
3.621395587921142578e+00
3.817612648010253906e+00
3.798709630966186523e+00
3.626654624938964844e+00
3.685625314712524414e+00
4.005090713500976562e+00
3.795385837554931641e+00
4.090264320373535156e+00
3.790511131286621094e+00
4.312371253967285156e+00
4.106392383575439453e+00
3.720938682556152344e+00
3.781079053878784180e+00
3.909130334854125977e+00
3.868330478668212891e+00
3.702025890350341797e+00
3.832407951354980469e+00
3.607764720916748047e+00
3.764690160751342773e+00
3.992583513259887695e+00
4.222616672515869141e+00
4.012234687805175781e+00
3.764320135116577148e+00
4.043351173400878906e+00
3.533979415893554688e+00
3.620712518692016602e+00
4.044230937957763672e+00
4.004858970642089844e+00
3.782735347747802734e+00
3.689944028854370117e+00
3.975226402282714844e+00
3.657603502273559570e+00
3.982943534851074219e+00
3.981115579605102539e+00
3.911214828491210938e+00
3.735595226287841797e+00
3.647414684295654297e+00
4.323935031890869141e+00
4.388619899749755859e+00
4.463004112243652344e+00
3.653144359588623047e+00
4.383715629577636719e+00
4.538444519042968750e+00
3.828766822814941406e+00
4.444754123687744141e+00
4.664803504943847656e+00
4.181075572967529297e+00
4.372276306152343750e+00
3.738084793090820312e+00
4.448292732238769531e+00
4.110313892364501953e+00
4.071438789367675781e+00
4.345097064971923828e+00
4.190206527709960938e+00
4.955630302429199219e+00
3.589094400405883789e+00
4.575202465057373047e+00
4.309422016143798828e+00
3.745526075363159180e+00
5.307342529296875000e+00
4.155619621276855469e+00
4.308588981628417969e+00
4.360714912414550781e+00
4.651611328125000000e+00
4.397107124328613281e+00
4.011180400848388672e+00
4.141964912414550781e+00
3.916282892227172852e+00
4.025629043579101562e+00
4.384088516235351562e+00
4.625937461853027344e+00
3.876371145248413086e+00
4.532983779907226562e+00
4.150211811065673828e+00
4.406198501586914062e+00
4.149731159210205078e+00
3.982050418853759766e+00
4.452986240386962891e+00
4.623026847839355469e+00
4.012850284576416016e+00
4.202239036560058594e+00
4.240828514099121094e+00
3.599837779998779297e+00
4.276644706726074219e+00
4.035453319549560547e+00
3.773815870285034180e+00
3.878527402877807617e+00
3.952660799026489258e+00
3.748354911804199219e+00
3.836983203887939453e+00
3.659306764602661133e+00
3.443430662155151367e+00
4.162139892578125000e+00
4.017586708068847656e+00
3.895210504531860352e+00
4.556730747222900391e+00
4.128133296966552734e+00
4.345041275024414062e+00
4.785455703735351562e+00
4.068182945251464844e+00
5.672788143157958984e+00
4.107872009277343750e+00
5.023353576660156250e+00
4.427306652069091797e+00
4.478451251983642578e+00
4.198415756225585938e+00
4.388041973114013672e+00
4.970317840576171875e+00
3.946136951446533203e+00
4.713954448699951172e+00
4.085738182067871094e+00
4.240442276000976562e+00
4.360815525054931641e+00
3.966424226760864258e+00
4.360281944274902344e+00
4.309842586517333984e+00
3.900960922241210938e+00
4.460469722747802734e+00
3.936858654022216797e+00
4.041035175323486328e+00
3.465437650680541992e+00
3.945910453796386719e+00
3.990218639373779297e+00
3.972244977951049805e+00
4.883321285247802734e+00
4.193092346191406250e+00
4.000285625457763672e+00
4.215513229370117188e+00
3.749819993972778320e+00
3.862340211868286133e+00
4.729768753051757812e+00
4.230250358581542969e+00
3.538708686828613281e+00
4.598040103912353516e+00
3.655381679534912109e+00
4.728785037994384766e+00
4.018689632415771484e+00
4.028521060943603516e+00
5.200078964233398438e+00
4.007418632507324219e+00
5.701685905456542969e+00
3.611432075500488281e+00
4.844786167144775391e+00
4.082664966583251953e+00
4.090852737426757812e+00
4.214319229125976562e+00
3.685004234313964844e+00
4.158198356628417969e+00
3.877934455871582031e+00
4.038863182067871094e+00
3.875382900238037109e+00
3.835609197616577148e+00
4.034519195556640625e+00
4.092743873596191406e+00
3.784500598907470703e+00
3.827237844467163086e+00
3.514094829559326172e+00
3.747265815734863281e+00
3.756799936294555664e+00
3.801426410675048828e+00
3.868049621582031250e+00
3.491343975067138672e+00
3.392168283462524414e+00
3.397865056991577148e+00
3.274731159210205078e+00
3.754837036132812500e+00
3.471739768981933594e+00
3.522701263427734375e+00
4.142006397247314453e+00
4.172270774841308594e+00
3.754983425140380859e+00
3.769827842712402344e+00
3.630472183227539062e+00
3.550324678421020508e+00
3.904909133911132812e+00
3.848738193511962891e+00
3.640480041503906250e+00
3.670358657836914062e+00
3.545505046844482422e+00
3.757526397705078125e+00
3.619374990463256836e+00
3.645872592926025391e+00
3.945546865463256836e+00
3.770915746688842773e+00
3.852001428604125977e+00
3.941916942596435547e+00
3.558093786239624023e+00
3.843387603759765625e+00
3.731695413589477539e+00
4.195256710052490234e+00
4.503199577331542969e+00
3.765011787414550781e+00
4.701584815979003906e+00
3.621538162231445312e+00
4.340253353118896484e+00
5.220746994018554688e+00
3.999996662139892578e+00
5.648352622985839844e+00
4.300447463989257812e+00
6.504303455352783203e+00
5.072105407714843750e+00
6.807979106903076172e+00
5.673702239990234375e+00
5.712237358093261719e+00
5.942376136779785156e+00
5.956870079040527344e+00
5.746672630310058594e+00
5.079061508178710938e+00
5.580384254455566406e+00
4.510542392730712891e+00
5.171917915344238281e+00
4.338703632354736328e+00
5.271029949188232422e+00
4.170780658721923828e+00
4.637632369995117188e+00
4.427922248840332031e+00
4.336363792419433594e+00
